1024 0.005
0 161
0 340
0 526
0 854
1 85
1 343
1 866
1 920
1 921
2 107
2 405
3 388
3 395
3 443
3 847
4 301
4 773
4 814
4 828
4 974
4 976
5 152
5 435
5 526
5 781
5 926
5 970
6 257
6 363
6 406
6 407
6 606
6 893
7 570
7 734
7 791
8 42
8 325
9 157
9 435
9 509
9 786
9 903
10 166
10 375
10 468
10 612
10 722
10 988
11 143
11 236
11 312
11 755
11 1005
12 935
13 116
13 238
13 716
13 838
14 124
14 139
14 326
14 377
14 604
14 619
14 683
14 862
15 0
15 11
15 181
15 317
15 339
15 485
15 543
15 853
15 994
16 143
16 322
16 557
16 867
16 916
17 50
17 335
17 424
17 477
17 488
17 540
17 580
17 651
17 706
17 785
18 111
18 271
18 345
18 504
18 702
18 793
19 95
19 669
19 818
20 53
20 604
20 1016
21 587
21 588
21 870
22 44
22 155
22 804
23 483
23 614
23 639
23 702
24 3
24 138
24 178
24 352
24 814
24 837
24 844
25 85
25 429
25 522
25 640
25 659
25 1014
25 1016
26 125
26 135
26 348
26 582
27 252
27 350
27 680
27 686
27 693
27 711
27 1013
28 117
28 176
28 295
28 456
28 748
29 229
29 733
29 811
29 818
29 902
29 920
30 118
30 248
30 525
30 610
30 662
30 721
30 929
30 977
31 331
31 481
31 543
31 623
31 706
31 731
31 895
32 70
32 362
32 415
32 449
32 539
32 820
32 873
33 206
33 346
33 355
33 672
33 758
34 433
34 721
34 746
35 42
35 502
35 568
35 674
35 858
36 696
36 913
37 103
37 617
37 955
37 986
38 86
38 242
38 257
38 280
38 503
38 559
38 658
39 11
39 663
39 798
39 950
39 963
39 973
39 980
39 995
40 300
40 331
40 491
40 545
40 701
40 712
40 824
40 907
41 112
41 228
41 425
41 494
42 288
42 631
42 929
42 995
43 87
43 277
43 324
43 852
43 1014
44 79
44 121
44 420
44 923
45 219
45 380
45 404
45 854
46 72
46 475
46 532
46 925
46 953
47 164
47 839
47 846
47 911
47 949
48 51
48 96
48 399
48 849
48 902
48 927
49 734
49 744
49 1018
50 346
50 367
50 375
50 604
50 613
50 700
50 941
51 194
51 277
51 316
51 409
51 641
51 798
52 320
52 841
52 908
53 104
53 123
53 340
53 544
53 697
53 714
54 71
54 247
54 336
54 725
54 867
54 930
54 951
55 53
55 116
55 171
55 647
55 818
55 1020
56 240
56 296
56 396
56 475
56 555
56 561
56 793
56 908
56 923
57 15
57 84
57 381
57 542
57 736
57 874
58 133
58 217
58 891
59 179
59 363
59 516
59 643
59 1008
59 1022
60 560
60 789
60 873
60 1000
60 1002
61 251
61 452
61 728
62 305
62 405
62 582
62 868
62 950
63 70
63 163
63 202
63 226
63 316
63 714
63 979
64 60
64 823
65 55
65 87
65 453
65 950
66 176
66 290
66 544
66 698
66 815
66 820
67 218
67 427
67 569
67 672
67 700
67 814
67 863
68 77
68 222
68 260
68 532
68 576
68 804
68 962
69 167
69 269
69 412
69 534
69 948
69 996
70 199
70 266
70 367
70 397
70 400
70 529
70 552
70 616
70 852
71 36
71 110
71 314
71 502
71 585
71 596
71 632
72 239
72 508
72 541
72 557
72 602
72 643
72 687
72 725
72 842
72 953
72 996
73 294
73 341
73 418
73 462
74 241
74 459
74 516
74 570
75 53
75 605
75 894
76 408
76 557
76 791
76 1015
77 172
77 186
77 466
77 475
77 540
77 677
77 695
77 909
77 911
77 919
78 98
79 212
79 228
79 266
79 661
80 518
80 681
80 889
80 923
81 36
81 73
81 125
81 293
81 633
81 927
82 321
82 494
82 919
82 987
82 1015
83 30
83 69
83 110
83 969
84 121
84 292
84 342
84 496
84 557
84 811
84 842
85 98
85 132
85 411
85 634
85 638
85 711
85 866
85 874
86 124
86 247
86 919
87 255
87 376
87 1011
88 5
88 19
88 340
88 387
88 476
88 895
88 906
88 948
89 93
89 483
89 754
89 833
89 877
89 900
89 971
89 989
90 229
90 515
90 1004
91 144
91 219
91 796
91 812
91 853
91 1012
92 1
92 295
92 480
92 737
92 781
92 899
93 315
93 432
93 630
93 781
93 936
94 128
94 179
94 200
94 287
94 400
94 474
94 499
94 705
94 833
95 738
95 897
97 66
97 196
97 718
97 721
97 871
97 941
98 62
98 441
98 611
98 663
99 20
99 499
99 750
100 378
100 417
100 430
100 535
100 858
100 936
100 976
101 881
101 894
102 875
102 891
102 944
103 334
103 377
103 420
103 536
103 881
103 1020
104 264
104 301
104 320
104 446
104 493
105 313
105 822
105 873
106 386
106 424
106 478
106 789
107 108
107 550
107 682
107 787
107 855
108 383
108 605
108 836
108 928
108 971
108 975
109 23
109 261
109 302
109 395
109 811
110 419
110 981
111 256
111 967
112 133
112 242
112 266
112 378
112 630
112 868
112 920
113 65
113 77
113 168
113 192
113 451
113 875
114 152
114 214
114 300
114 428
115 10
115 48
115 350
115 405
115 515
115 713
115 841
115 927
116 163
116 441
116 749
116 912
117 275
117 621
118 133
118 187
118 435
118 636
118 883
118 893
119 567
119 778
120 637
120 818
121 25
121 279
121 547
122 330
122 900
123 462
123 595
123 765
123 807
124 5
124 31
124 813
124 902
125 492
125 513
125 796
125 892
126 307
126 612
126 665
126 741
126 1022
127 40
127 214
127 364
127 458
127 849
128 151
128 254
128 346
128 517
128 701
128 826
129 103
129 339
129 517
129 614
129 757
129 837
130 45
130 705
130 790
131 243
131 842
131 869
132 439
133 91
133 435
133 614
133 759
134 100
134 186
134 804
134 911
134 918
134 955
135 88
135 107
135 125
135 346
135 462
135 693
135 890
136 273
136 658
136 902
136 1012
137 657
137 887
138 100
138 399
138 612
139 28
139 66
139 843
140 123
140 304
140 374
140 619
140 969
141 68
141 130
141 162
141 211
141 279
141 522
141 683
141 733
142 120
142 195
142 484
142 574
142 633
142 778
142 935
143 37
143 137
143 936
144 429
144 519
144 724
145 173
145 219
145 497
145 549
145 599
145 760
146 64
146 619
146 641
146 827
146 1006
147 160
147 177
147 207
147 376
147 631
147 765
147 943
147 944
147 953
147 1016
148 319
148 989
149 259
149 482
149 607
149 833
150 3
150 13
150 672
150 911
151 159
151 193
151 364
151 477
151 584
151 905
152 561
152 642
152 901
152 950
153 21
153 77
153 98
153 219
153 247
153 427
153 877
153 980
154 239
154 427
154 856
154 983
155 228
155 391
155 397
155 578
155 995
156 151
156 226
156 353
156 823
156 848
157 4
157 48
157 172
157 457
157 629
157 807
158 162
158 271
158 628
158 983
158 1013
159 44
159 375
159 382
159 472
159 525
159 820
160 96
160 352
160 370
160 511
160 898
160 929
161 455
161 586
161 842
162 296
162 317
162 338
162 738
162 923
162 950
162 990
162 992
162 1008
163 37
163 165
163 321
163 806
163 862
163 918
163 957
164 49
164 89
164 123
164 132
164 272
164 325
164 345
164 560
164 1003
165 132
165 558
165 663
165 726
165 887
165 939
166 84
166 239
166 574
166 608
166 702
166 981
166 992
167 10
167 342
167 368
167 371
167 495
167 730
167 816
168 108
168 255
169 31
169 290
169 357
169 361
169 520
169 624
169 834
169 835
170 339
170 488
170 677
170 936
170 963
171 240
172 381
172 418
172 561
172 564
172 778
172 803
172 821
172 829
173 151
173 497
173 506
173 983
174 6
174 558
174 740
174 937
175 33
175 465
175 757
176 253
176 565
176 654
176 849
177 39
177 301
177 499
177 692
177 772
177 857
177 985
177 1001
178 175
178 300
178 361
178 573
178 593
179 77
179 293
179 343
179 394
179 587
179 795
179 877
180 19
180 362
180 709
180 791
181 225
181 371
181 906
181 937
182 56
182 57
182 267
182 708
182 935
182 1021
183 772
183 822
183 839
183 855
183 942
184 251
184 282
184 462
184 517
184 610
185 179
185 226
185 274
185 713
186 326
186 336
186 442
186 875
186 946
187 100
187 530
187 745
187 761
187 769
187 951
188 87
188 130
188 204
188 280
188 382
188 799
188 986
189 42
189 134
189 203
189 495
189 510
189 780
189 832
189 900
190 181
190 230
190 261
190 454
190 491
190 612
190 726
190 770
190 771
191 329
191 406
191 544
191 578
191 801
191 834
191 948
192 89
192 167
192 463
192 551
192 616
192 835
192 924
193 42
193 111
193 150
193 233
193 324
193 404
193 433
193 513
193 554
193 971
194 223
194 235
194 530
194 896
195 30
195 483
195 795
196 3
196 263
196 444
196 843
196 891
196 937
197 502
197 526
197 648
198 473
198 572
198 605
198 660
198 691
198 703
198 907
198 969
199 18
199 307
199 510
199 706
199 847
200 30
200 300
200 371
200 521
200 606
200 795
200 914
200 921
201 13
201 283
201 426
201 507
202 160
202 236
202 463
202 502
202 746
202 771
202 991
203 553
203 620
203 895
203 996
204 343
204 701
205 472
205 649
205 677
205 915
206 77
206 118
206 308
206 309
206 425
206 527
207 352
207 383
207 606
207 761
207 813
207 835
207 1016
208 251
208 312
209 121
209 151
209 182
209 411
209 824
209 973
210 374
210 742
211 28
211 74
211 422
211 687
211 936
212 34
212 188
212 465
212 596
212 709
212 943
213 98
213 379
213 380
213 683
214 8
214 334
214 640
214 692
214 735
215 82
215 164
215 249
215 338
215 438
215 441
215 570
215 601
215 627
215 1003
216 271
216 593
217 213
217 343
217 403
217 404
217 592
218 62
218 147
218 401
218 518
218 568
218 681
219 200
219 215
219 240
219 749
220 34
220 674
221 244
221 451
221 478
221 705
221 777
222 103
222 170
222 199
222 393
222 961
222 1018
223 135
223 368
223 761
223 1018
224 33
224 172
224 415
224 516
224 788
224 853
225 162
225 359
225 709
225 746
225 916
226 155
226 224
226 704
226 773
226 873
226 877
227 68
227 91
227 249
227 641
227 789
227 983
227 984
228 7
228 53
228 95
228 131
228 169
228 771
228 800
229 228
229 365
229 476
229 644
229 902
229 920
229 929
229 1020
230 279
230 604
230 792
230 873
231 424
231 426
231 480
231 988
232 184
232 415
232 519
232 655
232 685
232 727
233 40
233 327
233 340
233 447
233 512
234 160
234 190
234 563
234 612
234 615
234 616
234 725
234 855
235 129
235 181
235 214
235 230
235 332
235 530
235 721
235 814
235 883
235 954
236 34
236 156
236 210
236 351
238 21
238 83
238 230
238 539
238 797
238 878
239 80
239 116
239 217
240 24
240 125
240 145
240 307
240 367
240 542
240 681
241 170
241 583
241 629
241 670
242 23
242 322
242 331
243 217
243 436
243 580
243 741
243 805
243 950
243 974
244 61
244 206
244 227
245 62
245 316
245 381
245 435
245 550
246 11
246 219
246 464
246 563
246 662
246 881
246 967
247 309
247 388
247 573
247 597
247 769
247 908
247 1005
248 219
248 262
248 624
248 935
248 976
249 99
249 322
249 326
249 743
249 892
250 119
251 151
251 511
251 515
251 544
251 729
251 925
251 1012
252 601
253 80
253 175
253 205
254 253
254 656
254 793
255 127
255 554
255 647
255 683
255 816
255 845
255 889
256 1
256 97
257 106
257 557
257 720
257 754
257 835
258 58
258 73
258 338
258 448
259 126
259 229
259 497
259 754
259 891
259 931
259 983
260 141
260 181
260 351
260 483
260 814
261 448
261 581
261 637
262 122
262 170
262 245
262 258
262 557
262 912
262 960
264 390
264 753
265 37
265 85
265 204
265 421
265 713
266 51
266 79
266 207
266 211
266 501
266 756
267 66
267 132
267 207
267 224
267 451
267 920
268 17
268 50
268 86
268 636
268 823
268 838
269 71
269 431
269 472
269 757
270 283
270 497
270 885
271 181
271 420
271 573
271 906
271 938
272 36
272 50
272 251
272 455
273 428
273 766
273 907
274 258
274 412
274 540
274 552
274 666
274 669
274 795
274 954
275 46
275 237
275 289
275 537
275 616
275 649
275 732
276 97
276 349
276 376
276 548
277 6
277 121
277 168
277 307
277 370
277 416
277 443
277 934
278 381
278 389
278 590
278 846
278 1008
279 153
279 234
279 341
279 568
279 600
279 618
279 751
279 815
280 90
280 121
280 241
280 539
280 551
280 568
280 607
280 735
280 767
280 874
281 4
281 47
281 61
281 73
281 364
281 399
281 457
281 779
281 980
282 27
282 54
282 184
282 914
282 944
282 975
283 57
283 282
283 370
283 412
284 194
284 245
284 292
284 494
284 547
285 183
285 246
285 412
285 660
285 757
285 770
285 803
286 165
286 214
286 220
286 223
286 439
286 857
286 915
287 96
287 198
287 334
287 785
287 837
287 906
288 256
288 331
288 631
288 734
288 739
288 802
288 851
288 854
289 280
289 535
289 536
289 565
289 868
289 949
289 1021
290 280
290 317
290 420
290 474
290 757
290 832
290 982
291 266
291 703
291 747
291 928
291 1019
292 281
292 368
292 428
292 971
293 181
293 425
293 579
293 841
293 886
293 986
294 367
294 543
294 837
295 37
295 143
295 247
295 843
295 861
296 546
296 563
296 795
296 959
297 301
297 411
297 451
297 581
297 639
297 786
297 873
298 68
298 81
298 276
298 523
298 610
298 682
298 768
299 637
299 788
300 162
300 272
300 468
300 486
300 567
300 882
301 59
301 735
301 794
301 970
302 44
302 78
302 337
302 411
302 490
302 585
302 874
302 920
302 938
303 405
303 873
303 924
304 710
304 800
304 873
304 901
305 72
306 290
306 335
306 362
306 658
306 851
306 864
307 199
307 413
307 529
307 640
307 677
308 285
308 777
309 78
309 490
309 548
309 586
309 715
309 730
309 799
309 871
309 983
310 41
310 264
310 440
310 651
310 851
311 881
312 307
312 814
312 889
313 20
313 34
313 94
313 244
313 437
313 655
313 906
313 938
314 323
314 548
314 837
315 198
315 416
315 689
315 765
316 353
316 819
316 994
317 174
317 179
317 528
317 692
317 752
318 115
318 218
318 358
318 524
318 780
318 820
319 381
319 495
319 578
319 669
320 70
320 142
320 276
320 297
320 572
320 790
321 15
321 35
321 40
321 949
322 118
322 216
322 544
322 565
322 696
322 862
323 129
323 405
324 9
324 58
324 307
324 513
324 591
324 941
324 957
325 200
325 664
325 776
325 848
326 491
326 680
326 758
327 44
327 48
327 927
328 608
328 628
328 746
328 1016
329 371
329 387
329 507
329 738
329 785
329 822
330 138
330 150
330 170
330 221
330 611
330 837
330 848
330 920
331 111
331 879
332 286
332 564
332 980
333 263
333 337
333 618
333 798
334 161
334 281
334 390
334 408
334 590
334 707
334 962
335 169
335 813
335 911
336 636
337 494
337 929
337 941
338 97
338 218
338 276
338 288
338 648
338 902
338 979
338 1016
339 191
339 287
339 492
339 588
339 628
339 671
339 774
339 870
339 875
339 997
340 334
340 985
341 381
341 522
341 638
341 730
342 372
342 375
342 410
342 467
343 91
343 601
343 685
344 362
345 68
345 142
345 171
345 180
345 325
346 213
346 478
346 630
347 68
347 225
347 652
347 679
347 842
348 54
348 70
348 435
348 530
348 734
348 813
348 945
349 10
349 27
349 162
349 214
349 297
349 605
350 57
350 104
350 386
350 878
351 178
351 460
351 667
351 830
351 853
352 345
352 428
352 620
352 623
352 780
353 224
353 285
353 356
353 512
353 753
353 818
353 908
353 943
354 135
354 160
354 236
354 269
354 552
354 585
354 691
354 789
354 984
355 363
355 396
355 634
355 842
355 917
356 243
356 473
356 498
356 551
356 609
356 625
356 666
357 13
357 78
357 172
357 432
357 531
357 647
357 658
357 726
357 822
357 905
357 1022
358 387
358 597
358 650
358 651
358 883
358 899
359 2
359 108
359 205
359 655
359 669
359 953
360 236
360 296
360 315
360 329
360 575
360 819
360 986
361 341
361 641
361 724
361 815
361 958
362 736
362 880
363 30
363 266
363 481
363 558
363 935
364 85
364 715
364 754
364 918
364 963
365 254
366 306
366 897
367 164
367 298
367 370
367 534
367 552
367 687
367 698
367 773
367 789
368 76
368 151
368 298
368 333
368 517
368 641
369 84
369 124
369 218
369 406
369 844
369 898
369 999
370 224
370 468
370 702
370 866
371 122
371 485
371 794
372 11
372 824
372 906
373 598
373 674
373 917
374 75
374 125
374 267
375 117
375 451
375 851
376 12
376 80
376 273
376 338
376 411
376 508
376 674
376 976
377 5
377 26
377 165
377 444
377 573
377 684
377 703
377 732
377 871
378 328
378 421
378 518
378 570
378 700
378 1023
379 1
379 122
379 389
379 673
379 861
379 915
380 14
380 82
380 537
380 556
380 646
380 859
381 650
381 746
382 542
382 656
382 818
383 83
383 389
383 889
383 971
383 1021
383 1023
384 114
384 143
384 190
384 610
384 883
385 217
385 322
385 415
385 578
385 748
385 966
386 119
386 176
386 273
386 381
386 452
386 479
387 382
387 818
387 829
387 867
388 396
388 1001
389 297
389 298
389 563
389 674
389 799
389 910
389 1019
390 690
390 789
391 169
391 641
392 176
392 272
392 290
392 827
392 931
393 335
393 425
393 492
393 542
393 550
393 574
393 831
394 225
394 267
394 340
394 447
394 517
394 709
394 898
394 990
395 55
395 247
395 530
395 621
395 716
395 993
396 163
396 198
396 275
396 278
396 386
396 685
396 843
397 259
397 678
397 688
398 132
398 391
398 472
398 534
398 732
399 6
399 93
399 457
399 523
399 579
399 588
399 591
399 608
399 768
399 783
400 53
400 318
400 511
401 12
401 474
401 532
401 674
402 6
402 97
402 242
402 473
402 528
402 797
402 868
402 1015
403 234
403 348
403 543
403 718
403 755
403 831
404 412
404 438
404 542
404 588
404 894
406 151
406 515
406 558
406 750
406 1009
407 527
408 194
408 328
408 939
410 206
410 336
410 466
410 693
410 827
411 25
411 289
411 331
411 342
411 687
411 727
411 787
411 807
411 826
411 971
412 62
412 244
412 341
412 586
412 649
412 830
412 835
413 9
413 36
413 131
413 239
413 515
413 525
413 557
413 697
414 79
414 319
414 508
414 608
414 908
415 90
415 178
415 349
415 419
415 442
415 478
415 539
415 834
416 25
416 272
416 573
416 576
416 605
416 681
416 757
416 771
416 897
417 110
417 262
417 587
417 824
418 6
418 31
418 140
418 528
418 582
418 603
418 766
418 820
418 846
418 931
419 37
419 381
419 468
419 503
419 566
419 575
419 619
419 764
419 765
420 574
420 755
420 772
420 883
420 1004
421 188
421 310
421 491
421 532
421 667
421 744
421 817
421 890
422 411
422 471
422 599
422 690
422 924
422 959
423 199
423 200
423 427
424 446
424 551
425 359
425 547
425 549
425 587
425 614
425 848
425 946
426 28
426 180
426 182
426 395
426 485
426 827
426 1002
427 79
427 85
427 812
427 883
428 304
428 475
428 686
428 735
429 291
429 363
429 502
429 714
429 800
429 964
429 972
430 421
430 547
430 783
430 881
430 997
430 1018
431 708
431 825
431 990
432 162
432 225
432 740
432 825
432 924
432 1019
433 21
433 41
433 399
433 565
433 583
433 900
433 994
434 38
434 128
434 131
434 607
434 717
434 834
435 398
435 505
436 51
436 110
436 177
436 198
436 222
436 445
436 903
436 905
436 1006
437 27
437 527
437 763
437 785
437 832
438 82
438 539
439 864
439 1021
440 414
440 846
441 0
441 490
441 608
441 949
442 16
442 202
442 678
442 1019
443 115
443 143
443 180
443 219
443 384
443 437
443 455
443 825
444 30
444 113
444 140
444 196
444 198
444 313
444 369
444 424
444 503
444 705
444 731
444 942
445 281
445 286
445 337
445 407
445 909
446 693
446 764
446 968
447 181
447 271
447 545
447 737
447 767
447 807
447 856
448 633
448 813
448 893
448 1006
449 118
449 620
449 789
449 807
450 35
450 339
450 390
450 522
450 591
450 707
450 804
450 879
451 42
451 314
451 370
451 477
451 589
452 645
452 661
452 956
453 172
453 351
453 418
453 837
454 324
454 524
454 673
454 735
454 885
454 916
455 45
455 366
455 784
455 938
456 342
456 858
456 1011
457 327
457 379
457 398
457 677
457 945
458 201
458 374
458 532
458 567
458 734
458 1018
458 1022
459 253
459 392
459 479
459 652
459 837
460 11
460 85
460 110
460 528
460 650
460 772
460 788
461 255
461 572
461 583
461 597
461 645
461 844
462 143
462 361
462 511
462 879
462 928
462 1020
463 172
463 284
463 287
463 456
464 28
464 135
464 185
464 211
464 553
464 796
464 827
465 13
465 294
465 357
465 633
465 679
466 194
466 391
466 407
466 486
466 641
467 34
467 278
467 482
468 208
468 228
468 238
468 345
468 727
468 873
469 321
469 619
469 953
470 83
470 130
470 137
470 169
470 179
470 690
470 747
471 14
471 100
471 767
471 914
472 269
472 435
472 479
472 799
473 335
473 356
473 584
473 790
473 857
473 865
474 539
474 646
474 821
474 934
474 993
475 84
475 106
475 202
475 361
475 870
476 136
476 210
476 262
476 265
476 637
476 808
477 17
477 104
477 686
477 839
477 855
477 950
478 459
478 551
478 600
479 63
479 314
479 889
479 893
479 928
480 395
480 735
481 157
481 235
481 255
481 280
481 411
481 771
481 872
481 915
481 923
481 987
482 109
482 283
482 363
482 498
482 694
482 833
482 902
483 444
483 637
483 777
483 810
483 847
484 32
484 215
484 975
485 422
485 659
485 704
485 721
486 92
486 584
486 585
487 74
487 296
487 403
487 565
487 729
488 135
488 145
488 178
488 440
488 879
489 91
489 195
489 199
489 221
489 478
489 858
490 48
490 273
490 357
490 460
490 775
490 965
491 420
491 592
491 669
491 729
491 911
491 994
492 310
492 346
492 382
492 466
492 495
493 109
493 287
493 634
493 707
493 908
493 1004
494 211
494 368
494 583
494 591
494 791
494 817
495 593
495 729
495 922
496 71
496 72
496 330
496 584
496 723
497 117
497 238
497 336
497 446
497 523
497 536
497 837
497 1000
498 76
498 217
498 314
498 592
499 192
499 252
499 266
499 305
499 534
499 636
500 94
500 326
500 433
500 643
501 84
501 97
501 554
501 694
502 260
502 821
503 19
503 89
503 629
503 638
503 860
503 999
504 177
504 236
504 383
504 818
505 156
505 397
505 665
505 990
506 340
506 564
507 233
507 481
507 636
507 780
507 813
507 834
508 3
508 546
508 746
508 752
508 802
509 403
509 818
510 226
510 295
510 584
511 432
511 454
512 177
512 283
512 311
512 622
512 878
513 13
513 21
513 101
513 173
513 374
513 939
514 459
514 462
514 474
514 552
515 291
515 308
515 389
515 411
515 911
516 53
516 396
516 893
516 1013
517 181
517 356
517 533
517 931
518 339
518 378
518 562
518 653
518 847
518 1017
519 10
519 231
519 483
519 548
519 579
519 715
519 803
520 145
520 441
520 477
520 766
520 895
520 923
521 318
521 325
521 855
521 992
522 50
522 299
522 674
522 902
523 56
523 189
523 440
523 1005
524 187
524 268
524 763
524 1010
525 129
525 288
525 470
525 677
525 847
525 882
525 1007
526 232
526 314
526 815
527 491
527 519
527 814
527 840
528 89
528 388
528 503
528 506
528 541
529 267
529 487
529 498
529 509
530 215
530 668
530 730
530 755
531 92
531 514
531 561
531 681
532 915
533 228
533 244
533 497
533 586
533 853
533 1016
534 26
534 31
534 79
534 375
534 596
534 823
534 896
535 276
535 328
535 432
535 550
535 554
535 782
535 797
536 108
536 351
536 481
536 616
536 773
536 777
536 846
536 910
537 472
537 556
537 870
537 961
538 341
538 411
538 557
538 679
539 171
539 242
539 353
539 358
539 465
539 537
539 561
539 970
539 983
539 1009
540 576
540 754
540 841
540 951
541 305
541 327
541 410
541 692
541 896
542 258
542 332
542 392
542 812
542 905
543 599
543 687
543 1010
544 287
545 198
545 261
545 305
545 332
545 444
545 836
546 462
546 625
546 737
546 870
546 991
546 1007
547 3
547 252
547 750
547 783
548 46
548 200
548 321
548 342
548 558
548 653
548 663
548 909
548 925
549 140
549 192
549 227
549 530
549 701
550 51
550 68
550 136
550 446
550 521
550 748
550 1010
551 237
551 272
551 560
551 857
552 581
552 673
552 873
553 62
553 614
553 623
554 85
554 308
554 498
555 45
555 59
555 428
555 922
556 268
556 625
556 810
556 869
556 923
557 326
557 457
558 19
558 34
558 269
558 441
558 520
558 561
558 700
558 729
558 900
559 229
559 556
559 568
559 943
559 1018
560 314
560 496
560 581
560 646
560 883
561 3
561 261
561 337
561 366
561 372
561 648
561 760
561 782
561 824
561 914
562 130
562 242
562 340
562 683
562 949
563 388
563 667
564 276
564 282
564 288
564 543
564 794
564 869
564 997
564 999
565 394
565 554
565 664
565 765
565 820
565 859
566 128
566 295
566 699
567 74
567 250
567 291
567 477
567 611
567 642
567 659
567 825
567 981
567 1020
568 600
568 707
568 801
568 1009
569 525
569 767
569 868
569 933
570 313
570 483
570 515
571 13
571 57
571 451
571 562
571 726
571 837
571 982
572 81
572 92
572 236
572 406
572 508
572 745
572 846
572 849
573 83
573 150
573 393
573 421
573 651
574 247
574 297
574 330
574 533
574 686
574 815
575 226
575 333
575 873
576 32
576 260
576 358
577 630
577 646
577 1005
578 277
578 349
578 389
578 611
578 878
578 1015
579 136
579 279
579 425
579 450
579 561
579 826
579 842
580 358
580 613
580 745
580 811
580 1017
581 265
581 350
581 782
582 270
582 591
582 626
582 951
583 157
583 287
583 361
583 702
583 815
583 918
584 180
584 596
584 903
585 188
585 297
585 624
585 731
585 916
585 976
586 171
586 432
586 513
586 612
586 739
586 911
587 164
587 174
587 191
587 217
587 369
587 674
588 297
588 324
588 721
588 827
588 868
589 671
589 717
590 5
590 210
590 287
590 434
591 9
591 152
591 548
591 567
591 616
591 862
592 65
592 491
592 530
592 595
593 981
594 368
594 569
594 704
594 710
594 719
594 968
595 270
595 321
595 453
595 781
595 824
595 858
596 310
596 452
596 547
596 941
597 81
597 245
597 501
597 804
597 832
597 927
597 973
597 986
598 89
598 209
598 263
598 588
598 740
599 128
599 559
600 22
600 171
600 283
600 344
600 578
601 333
601 516
601 617
601 655
601 669
601 696
601 724
602 9
602 96
602 441
602 520
602 684
602 828
603 8
603 11
603 117
603 303
603 340
603 349
603 947
604 109
604 228
604 660
604 999
605 137
605 371
605 575
605 676
605 710
605 760
606 220
606 412
606 573
606 1020
607 867
608 356
608 475
608 739
608 925
609 65
609 372
609 791
610 72
610 243
610 355
610 366
610 430
610 645
611 29
611 69
611 315
611 811
612 358
612 385
613 105
613 186
613 302
613 530
613 656
613 663
613 917
613 933
614 588
614 937
614 948
615 169
615 686
615 808
615 1014
616 28
616 228
616 652
616 927
617 152
617 536
617 618
617 655
617 838
617 849
617 946
618 88
618 243
618 391
618 487
618 646
618 736
618 875
619 718
619 746
619 984
620 524
620 534
620 660
620 906
621 726
621 728
621 792
622 507
622 671
622 696
623 289
623 422
623 831
624 77
624 202
624 360
624 509
624 622
624 847
624 931
625 143
625 664
625 791
626 30
626 159
626 389
626 530
626 671
626 674
626 923
626 964
626 976
627 66
627 286
627 520
627 599
627 610
628 8
628 56
628 434
628 575
628 665
628 773
628 808
629 235
629 385
630 93
630 567
630 606
631 130
631 273
631 291
631 299
631 488
631 528
631 620
631 975
633 59
633 470
633 597
633 985
634 249
634 707
634 901
635 439
635 644
635 732
635 806
635 1006
636 142
636 155
636 162
636 202
636 339
636 527
636 653
636 734
636 792
636 821
636 829
636 971
637 2
637 116
637 400
637 475
637 664
637 970
638 343
638 734
638 774
638 904
638 996
639 343
639 427
639 512
639 694
639 878
640 145
640 209
640 377
640 449
640 792
641 32
641 76
641 606
641 650
641 732
641 955
642 438
642 483
642 553
643 1000
644 36
644 56
644 173
644 242
644 410
644 1007
645 73
645 284
645 326
645 541
645 699
645 706
645 786
645 853
645 919
645 1015
646 286
646 482
646 614
646 955
647 183
647 279
647 375
647 784
647 819
648 94
648 362
648 381
648 467
648 843
648 1019
649 48
649 140
649 189
649 216
649 222
649 347
649 583
649 762
649 972
649 1011
650 336
650 611
650 747
650 1007
651 423
651 563
651 839
652 498
652 592
652 789
653 16
653 356
653 398
653 475
653 491
653 515
653 578
653 627
654 626
654 829
654 871
655 26
655 101
655 234
656 6
656 579
656 593
656 619
656 791
657 490
657 872
657 994
658 239
658 254
658 300
658 517
658 760
659 460
659 604
659 931
659 990
659 1010
660 99
660 514
661 171
661 178
661 312
661 579
661 678
661 849
662 3
662 293
662 434
662 995
663 688
663 725
663 753
663 917
663 984
664 190
664 285
664 319
664 864
664 871
665 74
665 78
666 269
666 355
666 467
666 481
666 888
667 439
667 681
667 707
667 722
667 884
668 117
668 160
668 161
668 169
668 216
668 298
668 602
668 931
669 129
669 263
669 310
669 339
669 666
669 978
670 84
670 136
670 352
670 584
670 739
670 930
670 1006
671 666
671 689
671 825
671 890
671 928
672 268
672 356
672 406
672 469
672 542
672 628
672 828
673 37
673 516
673 660
673 879
674 622
674 640
674 675
674 986
675 242
675 429
675 451
676 327
676 365
676 608
676 694
676 802
677 46
677 278
677 329
677 540
677 586
678 454
678 975
679 352
679 561
679 773
679 935
680 125
680 208
680 209
680 441
680 455
680 520
680 855
681 124
681 133
681 259
681 267
681 344
681 574
681 948
682 31
682 272
682 367
682 460
682 520
682 612
682 741
682 948
683 48
683 470
683 947
683 975
683 1013
684 58
684 397
684 555
684 557
684 690
684 848
685 45
685 697
686 200
686 480
686 515
686 536
686 537
686 594
686 802
686 808
686 838
686 924
687 141
687 161
687 243
687 402
687 854
687 895
688 55
688 664
689 515
690 327
690 392
690 656
690 851
690 919
691 239
691 361
691 464
691 583
692 156
692 227
693 345
693 543
693 993
694 1
694 152
694 289
694 702
694 997
695 137
695 165
695 529
695 783
695 986
696 209
696 471
696 538
696 617
696 630
696 788
697 112
697 229
697 840
698 140
698 307
698 318
698 413
698 609
698 863
698 977
699 40
699 301
699 911
700 276
700 730
700 960
701 21
701 235
701 460
701 669
701 841
701 899
702 35
702 165
702 391
702 764
702 986
703 386
703 648
703 665
703 763
703 944
704 855
704 866
704 994
705 28
705 144
705 156
705 436
706 0
706 378
706 548
706 631
706 764
706 775
706 967
707 75
707 507
707 629
708 120
708 964
708 990
709 473
709 802
710 288
710 434
710 478
710 678
710 888
711 193
711 264
711 567
711 599
711 611
711 764
712 198
712 407
712 587
712 623
712 702
712 944
713 43
713 185
713 707
714 21
714 66
714 75
714 145
715 8
715 283
715 352
715 478
715 722
715 741
716 457
716 507
716 509
716 533
716 939
717 490
717 824
718 21
718 102
718 374
718 470
718 498
718 589
718 649
718 939
719 94
719 532
719 568
720 127
720 145
720 148
720 150
720 177
720 344
720 397
720 717
720 817
721 210
721 436
721 570
721 658
721 843
722 86
722 203
722 602
722 872
723 9
723 152
723 202
723 411
723 578
723 782
723 868
724 53
724 189
724 291
724 552
724 607
724 722
724 1015
725 30
725 168
725 209
725 243
725 316
725 320
725 840
726 93
726 580
726 669
726 676
726 710
726 750
726 811
726 981
727 467
727 783
727 818
727 979
728 353
728 438
728 549
728 587
728 997
729 66
729 462
729 504
729 816
729 968
730 29
730 312
730 546
731 182
731 203
731 816
731 890
732 923
733 5
733 150
733 308
733 414
733 645
734 183
734 185
734 186
734 240
734 366
734 617
735 176
735 197
735 373
736 219
736 448
736 595
736 615
736 726
737 24
737 539
737 559
737 710
737 719
737 880
737 939
738 140
738 415
738 511
738 637
738 688
738 752
738 834
738 962
739 328
739 682
739 881
739 914
739 926
740 154
740 246
740 295
740 380
740 412
740 474
740 631
740 869
740 899
741 5
741 211
741 301
741 310
741 435
741 462
741 467
741 596
741 700
742 247
742 372
742 416
742 793
742 799
742 868
743 127
743 429
743 491
743 764
743 784
743 962
744 36
744 134
744 308
744 378
744 435
744 506
744 916
744 1006
746 54
746 189
746 560
746 628
746 648
746 684
746 839
746 851
747 201
747 286
747 403
747 466
747 629
747 661
748 49
748 62
748 65
748 101
748 131
748 435
748 530
748 604
748 734
748 851
749 332
749 779
750 144
750 389
750 417
750 846
751 5
751 50
751 556
751 755
751 987
752 174
752 267
752 476
752 549
752 901
753 112
753 374
753 375
753 652
753 689
753 871
753 995
754 278
754 336
754 361
754 445
754 577
754 782
754 943
754 967
754 987
755 38
755 226
755 943
756 48
756 97
756 288
756 392
756 439
756 524
756 705
756 734
756 781
756 1021
757 3
757 370
757 430
757 677
757 887
758 127
758 139
758 346
758 480
758 568
758 590
758 709
758 910
758 995
759 300
759 551
759 586
759 604
759 667
759 828
759 884
760 59
760 94
760 222
760 256
760 650
760 784
760 789
760 1021
761 272
761 444
761 775
762 127
762 447
762 470
762 592
762 630
762 1016
763 342
763 429
763 576
763 712
764 59
764 111
764 492
764 877
765 319
765 343
765 397
765 483
765 577
766 114
766 331
766 433
766 614
767 98
767 107
767 116
767 146
768 495
768 612
768 672
769 215
769 411
770 287
770 326
770 371
770 486
770 547
770 682
770 949
770 1006
771 158
771 181
771 213
771 276
771 385
771 794
771 804
772 102
772 205
772 228
772 391
772 462
772 616
772 660
773 294
773 558
773 654
773 711
773 957
774 57
774 76
774 166
774 351
774 972
775 65
775 341
776 343
776 519
776 722
776 752
776 837
777 184
777 321
777 403
777 488
777 817
777 864
778 356
778 441
778 571
778 599
778 845
779 119
779 469
779 833
780 127
780 203
780 369
780 380
780 388
780 395
780 910
781 190
781 436
781 670
781 947
781 999
782 154
782 300
782 434
782 770
782 913
782 997
783 165
783 263
783 539
783 609
783 687
783 705
783 794
783 810
784 74
784 120
784 201
784 254
784 294
784 401
784 479
784 486
784 752
785 162
785 320
785 770
786 193
786 257
786 268
786 345
786 429
786 586
786 598
786 824
786 828
787 3
787 21
787 135
787 468
787 508
787 539
787 639
787 828
788 9
788 11
788 184
788 215
788 260
788 276
788 403
788 455
788 925
789 16
789 18
789 96
789 137
789 595
789 666
789 703
789 1017
790 181
790 191
790 323
790 908
790 977
791 7
791 74
791 97
791 219
792 98
792 217
792 260
792 409
792 519
793 145
793 355
793 755
794 137
794 640
794 680
795 274
795 718
795 932
795 983
796 1
796 72
796 104
796 350
796 632
797 54
797 729
797 753
797 857
798 646
799 186
799 381
799 440
799 521
799 538
799 598
799 695
800 3
800 375
800 386
801 64
801 95
801 351
801 597
801 789
801 1020
802 82
802 342
802 405
802 483
802 497
802 577
803 187
803 1020
804 122
804 147
804 175
804 202
804 272
804 286
804 532
804 555
804 689
804 970
805 866
805 888
806 89
806 439
806 638
806 667
806 756
806 892
806 995
807 118
807 268
807 411
807 523
807 742
807 761
808 819
808 826
808 920
809 118
809 302
809 404
809 535
809 607
809 693
809 852
809 998
810 77
810 351
810 455
810 532
810 612
810 693
810 836
810 1010
811 61
811 559
811 1002
812 119
812 195
812 413
812 556
812 587
812 604
813 112
813 394
813 487
813 548
813 563
813 574
813 716
813 978
814 72
814 128
814 463
814 479
814 567
814 723
815 495
815 817
815 914
816 158
816 366
816 877
817 193
817 266
817 299
817 331
817 406
817 466
817 576
817 686
817 835
817 964
818 63
818 128
818 153
818 207
818 351
818 500
818 681
818 966
819 113
819 423
819 597
819 845
819 883
819 946
820 82
820 376
820 443
820 519
820 744
820 906
821 160
821 367
821 509
821 695
821 709
821 755
821 883
821 935
822 76
822 483
822 679
822 771
822 994
823 316
823 356
823 607
823 616
823 739
823 885
824 982
825 204
825 390
825 514
825 522
825 943
826 123
826 569
826 734
826 1013
826 1016
827 1
827 97
827 323
827 587
827 646
827 655
827 661
827 805
827 819
827 855
828 305
828 514
828 605
828 806
828 838
828 852
828 984
829 555
829 675
829 683
829 791
830 48
830 74
830 573
830 579
830 901
830 920
831 182
831 581
831 600
831 684
831 802
832 227
832 361
833 285
833 479
833 756
833 761
833 763
833 894
833 964
833 988
834 609
835 610
835 989
835 997
836 127
836 785
836 984
836 985
837 287
837 303
837 305
838 852
839 363
839 829
840 35
840 89
840 220
840 386
840 551
840 593
841 293
841 294
841 470
841 583
841 637
842 42
842 282
842 337
842 378
842 532
842 536
842 549
842 702
842 890
843 173
843 201
843 209
843 247
843 253
843 293
843 353
843 419
843 504
843 555
843 908
843 993
844 64
844 148
844 680
844 943
844 1008
845 109
845 110
845 221
845 363
845 446
845 458
845 837
845 953
846 269
846 422
846 475
847 413
847 776
847 1017
848 192
848 273
848 1012
849 41
849 701
849 800
849 821
849 897
850 36
850 338
850 411
851 28
851 132
851 155
851 195
851 241
851 287
851 509
851 760
851 1006
852 269
852 316
853 13
853 79
853 177
853 201
853 405
853 407
853 445
853 727
853 784
853 800
853 821
854 40
854 53
854 151
854 445
854 482
854 853
855 62
855 190
855 298
855 312
855 433
855 554
856 210
856 283
856 518
856 543
856 660
856 775
856 835
857 145
857 1016
858 203
858 221
858 443
858 523
858 605
858 682
859 182
859 305
859 386
859 513
859 619
859 657
859 754
859 835
859 898
860 1
860 43
860 427
860 458
860 704
861 162
861 232
861 531
861 582
861 765
862 243
862 263
862 370
862 503
862 997
863 149
863 253
863 391
863 427
863 605
863 801
863 837
864 388
864 717
865 689
866 413
866 519
866 669
866 725
866 731
866 836
866 950
867 129
867 400
867 517
867 734
868 102
868 233
868 307
868 350
868 572
868 605
868 610
868 814
869 76
869 503
869 672
869 733
869 922
869 945
870 21
870 109
870 139
870 153
870 475
870 838
870 934
870 952
871 392
871 782
871 872
871 981
872 122
872 142
872 188
872 719
872 860
872 891
873 353
873 750
873 784
873 819
873 855
873 964
873 972
874 232
874 315
874 679
874 786
875 260
875 508
875 655
875 928
876 409
876 473
876 527
876 576
876 790
876 937
877 98
877 488
877 733
877 819
878 76
878 412
878 954
878 969
878 1000
878 1016
879 28
880 137
880 269
880 350
880 502
881 16
881 258
881 603
881 612
881 928
882 0
882 540
882 572
882 797
882 918
883 77
883 224
883 475
883 520
883 621
883 747
883 895
883 903
884 134
884 527
884 594
884 693
884 858
884 862
884 928
885 275
885 655
885 689
885 863
885 911
886 312
886 766
886 1023
887 360
887 611
887 647
887 777
888 8
888 37
888 83
889 231
889 623
889 774
889 1017
890 104
890 153
890 320
890 581
890 600
890 800
890 873
891 166
891 264
891 360
891 566
891 705
892 143
892 162
892 288
892 362
893 370
893 576
893 629
893 677
893 799
893 991
894 289
894 525
895 317
895 683
895 945
895 986
896 274
896 367
896 377
896 618
896 717
896 725
897 118
897 237
897 344
898 73
898 343
898 406
898 589
898 657
898 707
898 791
899 85
899 186
899 675
900 324
900 362
900 436
900 583
900 742
900 1013
901 134
901 363
901 402
901 424
901 808
901 918
901 928
901 1016
902 124
902 305
902 570
902 692
902 766
902 774
902 999
903 29
903 636
903 733
903 767
903 961
904 71
904 170
904 982
905 256
905 552
905 565
905 719
905 856
906 543
906 548
906 615
906 629
906 748
906 1015
907 277
907 456
907 701
908 383
908 903
909 147
909 173
909 215
909 806
909 821
909 862
910 118
910 225
910 740
910 761
910 763
910 907
911 154
911 251
911 584
911 794
911 828
912 139
912 204
912 318
912 564
912 831
912 1003
913 179
913 546
913 740
913 996
913 1019
914 305
915 127
915 406
915 510
915 743
916 45
916 451
917 320
917 577
918 389
918 732
919 198
919 260
920 16
920 94
920 159
920 477
920 572
920 759
920 968
921 30
921 447
921 934
922 149
922 356
922 1013
923 206
923 214
923 425
923 511
923 656
923 835
924 64
924 165
924 1016
925 847
926 332
926 369
926 756
926 1011
927 269
927 406
927 508
927 545
927 1001
928 214
928 279
928 344
928 505
928 570
928 982
929 68
929 140
929 160
929 207
929 229
929 342
929 748
929 821
929 937
930 58
930 163
930 395
930 508
930 548
930 567
930 700
930 824
930 984
931 359
932 488
932 666
932 983
933 670
934 31
934 37
934 198
934 200
934 208
934 574
934 966
934 1004
935 353
935 425
935 472
935 705
935 784
935 847
935 848
936 51
936 316
936 388
937 71
937 841
937 963
938 347
938 1021
939 185
939 197
939 235
939 509
939 608
939 837
940 55
940 215
940 345
940 378
940 380
940 439
940 565
940 669
940 909
940 917
940 937
941 11
941 43
941 387
941 424
941 483
941 682
941 715
941 742
941 993
942 481
942 615
943 611
943 746
944 213
944 246
944 278
944 978
945 65
945 157
945 286
945 384
945 469
945 677
945 864
945 900
946 46
946 190
946 203
946 270
946 712
946 950
947 460
947 466
948 274
948 371
948 450
948 457
948 715
948 716
948 909
948 919
949 53
949 182
949 457
949 635
949 941
950 63
950 122
950 289
950 372
950 732
950 744
950 757
950 915
950 1013
951 513
951 809
952 229
952 293
952 479
952 537
952 707
952 794
952 806
953 31
953 38
953 245
953 593
953 634
953 934
953 960
954 74
954 90
954 326
954 335
954 543
954 788
954 990
954 999
955 41
955 432
955 772
955 931
956 177
956 404
956 443
956 816
956 903
957 17
957 101
957 129
957 220
957 506
957 571
957 675
957 766
957 958
957 979
957 1009
958 101
958 135
958 195
958 557
958 735
958 844
959 188
959 210
960 150
960 287
960 436
960 744
960 925
961 117
961 165
961 381
961 472
961 533
961 587
962 11
962 484
962 828
962 961
962 1019
963 548
963 689
963 755
963 895
963 916
963 1023
964 96
964 266
964 313
964 370
964 440
964 612
964 686
964 813
965 75
965 552
965 677
965 812
965 815
966 232
966 625
966 986
966 991
967 208
967 455
967 488
967 647
967 714
967 892
968 109
968 200
968 201
968 711
968 912
969 504
969 552
969 678
969 1011
970 621
970 689
970 697
970 937
971 12
971 293
971 454
971 524
971 661
972 5
972 286
972 806
972 821
973 17
973 136
973 241
973 1018
974 75
974 114
974 531
974 556
974 969
974 1020
975 28
975 42
975 53
975 104
975 424
975 741
976 157
976 591
976 604
976 870
976 895
977 191
977 439
977 457
977 498
977 635
977 682
978 23
978 365
978 574
978 871
979 81
979 936
980 172
980 412
980 424
980 548
980 615
980 672
980 673
981 125
981 132
981 396
981 897
982 206
982 367
982 379
982 522
982 540
982 622
983 594
983 710
984 138
984 468
984 745
984 758
985 536
985 931
986 115
986 199
986 213
986 253
986 341
986 744
986 847
986 931
987 104
987 255
987 311
987 346
987 829
988 67
988 99
988 129
988 164
988 440
988 598
988 931
988 944
989 314
989 447
989 983
990 3
990 263
990 268
990 492
990 554
990 666
990 756
990 884
991 0
991 516
991 733
991 857
991 900
992 58
992 188
992 374
992 475
992 499
992 654
992 742
993 108
993 227
993 651
994 181
994 196
994 282
994 697
994 819
995 107
995 492
995 569
995 816
996 32
996 92
996 102
996 488
996 664
996 685
997 46
997 101
997 123
997 192
997 261
997 566
997 674
997 709
998 6
998 387
999 330
999 376
999 419
999 533
999 742
999 851
1000 107
1000 134
1000 183
1000 265
1000 670
1000 772
1000 909
1000 937
1001 88
1001 403
1001 621
1001 776
1002 255
1002 295
1002 480
1002 618
1003 48
1003 179
1003 244
1003 275
1003 446
1003 857
1003 968
1004 232
1004 404
1004 483
1004 754
1005 72
1005 267
1005 276
1005 279
1005 393
1005 442
1005 824
1006 281
1006 504
1006 746
1006 765
1007 4
1007 468
1007 662
1007 878
1007 994
1008 296
1008 312
1008 356
1008 567
1008 742
1008 746
1008 918
1009 135
1009 206
1009 455
1009 787
1010 150
1010 398
1010 497
1010 623
1010 963
1011 57
1011 59
1011 319
1011 450
1012 130
1012 348
1012 535
1012 795
1012 1009
1013 309
1013 619
1013 792
1014 365
1014 584
1014 897
1014 952
1015 43
1015 60
1015 263
1015 695
1015 704
1015 864
1016 45
1016 55
1016 204
1016 245
1016 617
1016 744
1017 586
1018 12
1018 86
1018 434
1018 523
1018 541
1018 552
1018 826
1019 101
1019 345
1019 387
1019 650
1019 734
1020 171
1020 316
1020 328
1020 489
1020 586
1020 677
1020 732
1021 13
1021 39
1021 938
1022 160
1022 161
1022 186
1022 408
1022 565
1022 748
1022 964
1023 228
1023 280
1023 316
1023 346
1023 402
